# Name: 120.0 kV
# Continuous spectrum
# Dimension: 120
1.0000e+00 0
2.0000e+00 0
3.0000e+00 0
4.0000e+00 0
5.0000e+00 0
6.0000e+00 0
7.0000e+00 0
8.0000e+00 0
9.0000e+00 0
1.0000e+01 0
1.1000e+01 0
1.2000e+01 0
1.3000e+01 0
1.4000e+01 0
1.5000e+01 0
1.6000e+01 0
1.7000e+01 0
1.8000e+01 0
1.9000e+01 0
2.0000e+01 0
2.1000e+01 0
2.2000e+01 0
2.3000e+01 0
2.4000e+01 0
2.5000e+01 2
2.6000e+01 5
2.7000e+01 11
2.8000e+01 22
2.9000e+01 39
3.0000e+01 63
3.1000e+01 97
3.2000e+01 140
3.3000e+01 193
3.4000e+01 257
3.5000e+01 329
3.6000e+01 409
3.7000e+01 496
3.8000e+01 587
3.9000e+01 681
4.0000e+01 777
4.1000e+01 872
4.2000e+01 966
4.3000e+01 1056
4.4000e+01 1143
4.5000e+01 1225
4.6000e+01 1302
4.7000e+01 1373
4.8000e+01 1438
4.9000e+01 1496
5.0000e+01 1549
5.1000e+01 1595
5.2000e+01 1635
5.3000e+01 1669
5.4000e+01 1698
5.5000e+01 1721
5.6000e+01 1740
5.7000e+01 1753
5.8000e+01 1763
5.9000e+01 1769
6.0000e+01 1769
6.1000e+01 1767
6.2000e+01 1762
6.3000e+01 1753
6.4000e+01 1742
6.5000e+01 1729
6.6000e+01 1713
6.7000e+01 1696
6.8000e+01 1676
6.9000e+01 1654
7.0000e+01 1383
7.1000e+01 1324
7.2000e+01 1315
7.3000e+01 1304
7.4000e+01 1292
7.5000e+01 1278
7.6000e+01 1263
7.7000e+01 1246
7.8000e+01 1229
7.9000e+01 1210
8.0000e+01 1189
8.1000e+01 1168
8.2000e+01 1146
8.3000e+01 1123
8.4000e+01 1099
8.5000e+01 1074
8.6000e+01 1049
8.7000e+01 1023
8.8000e+01 996
8.9000e+01 969
9.0000e+01 941
9.1000e+01 913
9.2000e+01 884
9.3000e+01 854
9.4000e+01 825
9.5000e+01 795
9.6000e+01 764
9.7000e+01 733
9.8000e+01 702
9.9000e+01 671
1.0000e+02 640
1.0100e+02 608
1.0200e+02 576
1.0300e+02 544
1.0400e+02 512
1.0500e+02 480
1.0600e+02 448
1.0700e+02 416
1.0800e+02 383
1.0900e+02 351
1.1000e+02 319
1.1100e+02 286
1.1200e+02 254
1.1300e+02 222
1.1400e+02 190
1.1500e+02 158
1.1600e+02 126
1.1700e+02 94
1.1800e+02 62
1.1900e+02 31
1.2000e+02 2
# Discrete spectrum
# Dimension: 4
5.7980e+01 3267
5.9320e+01 5937
6.7200e+01 2468
6.9100e+01 678
